out <-
list(list(structure(list(logK = 8.7550756707181, r = structure(c(0.112770785223834, 
0.178682175943769, 0.181779866871994, 0.213923350759098, 0.0557542751724027, 
0.120545427121895, 0.108853112036358, 0.0273903267596427, 0.0772595955205565, 
0.417403761363024, 0.476765875456707, 0.489353246642954, 0.176839588327953, 
0.0224382151696609, 0.147663130130713, 0.165946015318235, 0.155327396166935, 
0.0270975570854644, 0.538037823949209, 0.555015405191604, 0.328053684631037, 
0.18106264109418, 0.048441222115054, 0.051076995800458), .Dim = 24L), 
    q = 0.346769894887085, qU = 0.0042338979675944, m = structure(c(0.0890813628095125, 
    0.0394399188640139, 0.0258347672720309, 0.112349098794783, 
    0.136199669603123, 0.179195284536173, 0.129135277906543, 
    0.0627498438245068, 0.110899954914328, 0.133299962490617, 
    0.0582799785518149, 0.270893152368235, 0.0941893120263653, 
    0.0457369292803966, 0.022319352589177, 0.0411006934248073, 
    0.04840447706566, 0.0279699713979117, 0.0245449994907313, 
    0.234249994663821, 0.0890642925082774, 0.137705591752841, 
    0.0264631252878416, 0.0592417032165687), .Dim = 24L), mR = structure(c(0.152795287885458, 
    0.0282422378716702, 0.0706195574894094, 0.252248567884934, 
    0.452049776020296, 0.266647070113287, 0.36302628004044, 0.143146149092457, 
    0.510949703982691, 0.245048158532155, 0.132899059439862, 
    0.272838083851943, 0.326648618549046, 0.186496756003958, 
    0.315891626986218, 0.123836182111691, 0.071884978959446, 
    0.101943376440061, 0.0251549995030809, 0.26279299838466, 
    0.158099209359187, 0.182332169405182, 0.0285145015737607, 
    0.0500140080377488), .Dim = 24L), S = 0.325899018102234, 
    sigma = 0.41894868420846, sigma.tau = 2.14595200319112, sigma.rho = 1.75692714703826, 
    sigma.upsilon = 1.60449929884684, ikappa.tau2 = 7.3284999829433, 
    ikappa.rho2 = 7.19074968275214, I.precision = structure(c(7.38299180549457, 
    12.7592319518065, 9.92110528116701, 40.7349751442173, 49.4118831861325, 
    47.3695345132291, 48.2543262309195, 35.6591432875216, 9.10436543642664, 
    14.6399863387914, 20.5346779862748, 26.4572712122774, 75.0122256702199, 
    26.514354602743, 9.0613479129763, 27.6997815875866, 17.5337018338969, 
    49.8478775877168, 10.7546641044711, 34.0759592674953, 45.8697351202293, 
    71.5698630709882, 18.1349827681197, 18.4297287012045), .Dim = 24L), 
    IR.precision = structure(c(13.2499396225039, 20.6676752442068, 
    10.3231584314104, 18.4533736752931, 14.2449780624612, 5.30243849563576, 
    7.76738179826381, 6.1153314709834, 2.71049774026838, 7.86202219533881, 
    12.673649829469, 20.8885040153669, 11.6149730951044, 3.78640013733361, 
    0.301448503064785, 1.62057767478143, 0.183799020672037, 2.53284819916236, 
    21.7149948192487, 23.343260269294, 16.1499969040245, 13.1987726702145, 
    26.9147951877773, 22.7543270610229), .Dim = 24L), U.precision = structure(c(1054.97677699559, 
    2257.49064228404, 3904.4231328072, 2016.60333233881, 5048.49106169358, 
    5812.74074770241, 1301.44919224686, 1660.27708530835, 1815.93804960412, 
    1667.94124596762, 639.781236048698, 1266.26300585621, 2133.99625116822, 
    3750.0051999964, 1008.35896386158, 1615.36992667314, 78.6521048669392, 
    2806.49781756552, 1581.42404180536, 2451.13402326352, 5402.21667466236, 
    4248.87949935039, 2006.42368407074, 3222.67404495087), .Dim = 24L), 
    K = 6651.45848667794, P = structure(c(0.334633291828533, 
    0.437484822593882, 0.486315360645744, 0.78721166149899, 0.925314379008562, 
    0.504158705171298, 0.646416583945678, 0.526412927272878, 
    0.513483057169368, 0.864524724921156, 1.23907808470653, 1.35398936480314, 
    2.4859903459185, 1.26823913360218, 0.899569396989471, 0.795220975578487, 
    1.29005232452021, 0.634177262285554, 0.333913776295618, 0.789182678471848, 
    0.938070732940752, 0.820794614992082, 1.38610659763238, 1.27467544888885
    ), .Dim = 24L), B = structure(c(2246.8066227426, 3009.78520828314, 
    3413.38190069614, 5490.84164768936, 6437.92699554755, 3474.13068263127, 
    4385.41491765602, 3464.3181147233, 3471.89141535273, 5958.40666621539, 
    8554.91203929065, 9165.68819020156, 17038.2158690398, 8692.25172207985, 
    6491.18648630587, 5280.51664139031, 9250.49014917588, 4255.43205797014, 
    2420.69514809279, 5507.74018995087, 6483.29237347816, 5550.56699806425, 
    9369.35109812842, 8560.23013709329), .Dim = 24L), R = structure(c(661.798065878105, 
    914.351507900545, 1102.48083883576, 1269.49911382403, 346.596826298222, 
    841.545827629132, 644.476314537626, 137.09635297848, 589.493613196954, 
    3661.44807419141, 2884.78248746764, 3010.19999335593, 839.74850401772, 
    105.256277722519, 800.07383409283, 948.087495962266, 1108.08032199836, 
    140.234090006674, 4061.94116156303, 3203.00109272538, 1988.91855036852, 
    1087.41620366813, 255.101979608156, 374.229154396073), .Dim = 24L), 
    mu = structure(c(0.0851942251564036, 0.130925627743387, 0.117220987881864, 
    0.149180427670657, 0.221684077010506, 0.268930083850803, 
    0.099283608919096, 0.103534998913411, 0.0290574809644608, 
    0.0926798359946758, 0.0544635612129798, 0.0922884228925817, 
    0.0411615014303414, 0.220798550719881, 0.133567361282613, 
    0.167013592261229, 0.0432099583429561, 0.203795191307352, 
    0.0553261755410583, 0.0351786511964288, 0.120918336078529, 
    0.0930225671544276, 0.069136083921495, 0.081758228943636), .Dim = 24L), 
    deviance = 818.899975576993, B.p = c(9578.55347192396, 8409.70148462624
    ), B.p2 = c(11986.8591442286, 9617.3238236739), Bmed.p = c(9311.96074498675, 
    8530.49793082681), mu.p = c(0, 0.0833465511153912), B.change = c(26.3985337254853, 
    8.25090506493626)), .Names = c("logK", "r", "q", "qU", "m", 
"mR", "S", "sigma", "sigma.tau", "sigma.rho", "sigma.upsilon", 
"ikappa.tau2", "ikappa.rho2", "I.precision", "IR.precision", 
"U.precision", "K", "P", "B", "R", "mu", "deviance", "B.p", "B.p2", 
"Bmed.p", "mu.p", "B.change")), c(1983.14469444327, 9101.13926564146, 
40527.3025727806, 12464.024250406, 2531.61582520985, 46950.7720781524, 
40106.9054705208, 5543.55059339132, 9027.41428949443, 12267.1823891863, 
5674.26331247541, 7757.54753154455, 7003.24216485836, 6240.97817528161, 
8592.89204891708, 14252.9097457609, 14217.8846598698, 15981.950961525, 
10530.1368976806, 16649.800385047, 23455.554342987, 6056.36973365551, 
6158.16800261607, 5451.69568715498, 6377.74326405565, 6545.06431750332, 
10312.4137080745, 13421.9480005977, 13802.9812601141, 4712.04858612423, 
8247.88548988844, 9625.07106936592, 4399.11425367505, 6452.82137642091, 
6113.69239602525, 5961.09769248664, 5546.03834430588, 5137.86248824127, 
8707.96629419704, 17158.4395583558, 24141.7675711241, 4520.28525733833, 
12769.3512475646, 8571.51747936403, 21423.7835911943, 4875.38527480555, 
4173.11721962307, 7026.10758277929, 7321.47089958592, 1886.30185114614, 
2494.59285508604, 17489.9122038613, 11245.1296420415, 9157.71466735076, 
5013.75748065906, 6931.01212489955, 19283.59664884, 21890.3238782764, 
6811.08608187464, 11757.7941469797)), list(structure(list(logK = 8.69893717646012, 
    r = structure(c(0.0968002892557662, 0.127558966756555, 0.165143937218416, 
    0.192266299699141, 0.0510626575884961, 0.112269586264491, 
    0.105277471474195, 0.0312392397474714, 0.0976578517068648, 
    0.604198642831975, 0.449901189151574, 0.582206097529045, 
    0.152697904373308, 0.0296234467947266, 0.140291981239129, 
    0.153199477805899, 0.128392289488115, 0.018854278029137, 
    0.576904896841758, 0.440976915495585, 0.362809164713352, 
    0.14928070873358, 0.0488199498156235), .Dim = 23L),